+-------------------+-------------------+
| [38;5;47;01mid_proffessional1[39;00m | [38;5;47;01mid_proffessional2[39;00m |
+-------------------+-------------------+
| 3                 | 7                 |
| 3                 | 11                |
| 3                 | 15                |
| 3                 | 19                |
| 3                 | 23                |
| 3                 | 27                |
| 3                 | 31                |
| 3                 | 35                |
| 3                 | 39                |
| 3                 | 43                |
| 3                 | 47                |
| 3                 | 51                |
| 3                 | 55                |
| 3                 | 59                |
| 3                 | 63                |
| 3                 | 67                |
| 3                 | 71                |
| 3                 | 75                |
| 3                 | 79                |
| 3                 | 83                |
| 3                 | 87                |
| 3                 | 91                |
| 3                 | 95                |
| 3                 | 99                |
| 3                 | 103               |
| 3                 | 107               |
| 3                 | 111               |
| 3                 | 115               |
| 3                 | 119               |
| 3                 | 123               |
| 3                 | 127               |
| 3                 | 131               |
| 3                 | 135               |
| 3                 | 139               |
| 3                 | 143               |
| 3                 | 147               |
| 3                 | 151               |
| 3                 | 155               |
| 3                 | 159               |
| 3                 | 163               |
| 3                 | 167               |
| 3                 | 171               |
| 3                 | 175               |
| 3                 | 179               |
| 3                 | 183               |
| 3                 | 187               |
| 3                 | 191               |
| 3                 | 195               |
| 3                 | 199               |
| 11                | 15                |
| 11                | 19                |
| 11                | 23                |
| 11                | 27                |
| 11                | 31                |
| 11                | 35                |
| 11                | 39                |
| 11                | 43                |
| 11                | 47                |
| 11                | 51                |
| 11                | 55                |
| 11                | 59                |
| 11                | 63                |
| 11                | 67                |
| 11                | 71                |
| 11                | 75                |
| 11                | 79                |
| 11                | 83                |
| 11                | 87                |
| 11                | 91                |
| 11                | 95                |
| 11                | 99                |
| 11                | 103               |
| 11                | 107               |
| 11                | 111               |
| 11                | 115               |
| 11                | 119               |
| 11                | 123               |
| 11                | 127               |
| 11                | 131               |
| 11                | 135               |
| 11                | 139               |
| 11                | 143               |
| 11                | 147               |
| 11                | 151               |
| 11                | 155               |
| 11                | 159               |
| 11                | 163               |
| 11                | 167               |
| 11                | 171               |
| 11                | 175               |
| 11                | 179               |
| 11                | 183               |
| 11                | 187               |
| 11                | 191               |
| 11                | 195               |
| 11                | 199               |
| 19                | 23                |
| 19                | 27                |
| 19                | 31                |
| 19                | 35                |
| 19                | 39                |
| 19                | 43                |
| 19                | 47                |
| 19                | 51                |
| 19                | 55                |
| 19                | 59                |
| 19                | 63                |
| 19                | 67                |
| 19                | 71                |
| 19                | 75                |
| 19                | 79                |
| 19                | 83                |
| 19                | 87                |
| 19                | 91                |
| 19                | 95                |
| 19                | 99                |
| 19                | 103               |
| 19                | 107               |
| 19                | 111               |
| 19                | 115               |
| 19                | 119               |
| 19                | 123               |
| 19                | 127               |
| 19                | 131               |
| 19                | 135               |
| 19                | 139               |
| 19                | 143               |
| 19                | 147               |
| 19                | 151               |
| 19                | 155               |
| 19                | 159               |
| 19                | 163               |
| 19                | 167               |
| 19                | 171               |
| 19                | 175               |
| 19                | 179               |
| 19                | 183               |
| 19                | 187               |
| 19                | 191               |
| 19                | 195               |
| 19                | 199               |
| 27                | 31                |
| 27                | 35                |
| 27                | 39                |
| 27                | 43                |
| 27                | 47                |
| 27                | 51                |
| 27                | 55                |
| 27                | 59                |
| 27                | 63                |
| 27                | 67                |
| 27                | 71                |
| 27                | 75                |
| 27                | 79                |
| 27                | 83                |
| 27                | 87                |
| 27                | 91                |
| 27                | 95                |
| 27                | 99                |
| 27                | 103               |
| 27                | 107               |
| 27                | 111               |
| 27                | 115               |
| 27                | 119               |
| 27                | 123               |
| 27                | 127               |
| 27                | 131               |
| 27                | 135               |
| 27                | 139               |
| 27                | 143               |
| 27                | 147               |
| 27                | 151               |
| 27                | 155               |
| 27                | 159               |
| 27                | 163               |
| 27                | 167               |
| 27                | 171               |
| 27                | 175               |
| 27                | 179               |
| 27                | 183               |
| 27                | 187               |
| 27                | 191               |
| 27                | 195               |
| 27                | 199               |
| 35                | 39                |
| 35                | 43                |
| 35                | 47                |
| 35                | 51                |
| 35                | 55                |
| 35                | 59                |
| 35                | 63                |
| 35                | 67                |
| 35                | 71                |
| 35                | 75                |
| 35                | 79                |
| 35                | 83                |
| 35                | 87                |
| 35                | 91                |
| 35                | 95                |
| 35                | 99                |
| 35                | 103               |
| 35                | 107               |
| 35                | 111               |
| 35                | 115               |
| 35                | 119               |
| 35                | 123               |
| 35                | 127               |
| 35                | 131               |
| 35                | 135               |
| 35                | 139               |
| 35                | 143               |
| 35                | 147               |
| 35                | 151               |
| 35                | 155               |
| 35                | 159               |
| 35                | 163               |
| 35                | 167               |
| 35                | 171               |
| 35                | 175               |
| 35                | 179               |
| 35                | 183               |
| 35                | 187               |
| 35                | 191               |
| 35                | 195               |
| 35                | 199               |
| 43                | 47                |
| 43                | 51                |
| 43                | 55                |
| 43                | 59                |
| 43                | 63                |
| 43                | 67                |
| 43                | 71                |
| 43                | 75                |
| 43                | 79                |
| 43                | 83                |
| 43                | 87                |
| 43                | 91                |
| 43                | 95                |
| 43                | 99                |
| 43                | 103               |
| 43                | 107               |
| 43                | 111               |
| 43                | 115               |
| 43                | 119               |
| 43                | 123               |
| 43                | 127               |
| 43                | 131               |
| 43                | 135               |
| 43                | 139               |
| 43                | 143               |
| 43                | 147               |
| 43                | 151               |
| 43                | 155               |
| 43                | 159               |
| 43                | 163               |
| 43                | 167               |
| 43                | 171               |
| 43                | 175               |
| 43                | 179               |
| 43                | 183               |
| 43                | 187               |
| 43                | 191               |
| 43                | 195               |
| 43                | 199               |
| 51                | 55                |
| 51                | 59                |
| 51                | 63                |
| 51                | 67                |
| 51                | 71                |
| 51                | 75                |
| 51                | 79                |
| 51                | 83                |
| 51                | 87                |
| 51                | 91                |
| 51                | 95                |
| 51                | 99                |
| 51                | 103               |
| 51                | 107               |
| 51                | 111               |
| 51                | 115               |
| 51                | 119               |
| 51                | 123               |
| 51                | 127               |
| 51                | 131               |
| 51                | 135               |
| 51                | 139               |
| 51                | 143               |
| 51                | 147               |
| 51                | 151               |
| 51                | 155               |
| 51                | 159               |
| 51                | 163               |
| 51                | 167               |
| 51                | 171               |
| 51                | 175               |
| 51                | 179               |
| 51                | 183               |
| 51                | 187               |
| 51                | 191               |
| 51                | 195               |
| 51                | 199               |
| 59                | 63                |
| 59                | 67                |
| 59                | 71                |
| 59                | 75                |
| 59                | 79                |
| 59                | 83                |
| 59                | 87                |
| 59                | 91                |
| 59                | 95                |
| 59                | 99                |
| 59                | 103               |
| 59                | 107               |
| 59                | 111               |
| 59                | 115               |
| 59                | 119               |
| 59                | 123               |
| 59                | 127               |
| 59                | 131               |
| 59                | 135               |
| 59                | 139               |
| 59                | 143               |
| 59                | 147               |
| 59                | 151               |
| 59                | 155               |
| 59                | 159               |
| 59                | 163               |
| 59                | 167               |
| 59                | 171               |
| 59                | 175               |
| 59                | 179               |
| 59                | 183               |
| 59                | 187               |
| 59                | 191               |
| 59                | 195               |
| 59                | 199               |
| 67                | 71                |
| 67                | 75                |
| 67                | 79                |
| 67                | 83                |
| 67                | 87                |
| 67                | 91                |
| 67                | 95                |
| 67                | 99                |
| 67                | 103               |
| 67                | 107               |
| 67                | 111               |
| 67                | 115               |
| 67                | 119               |
| 67                | 123               |
| 67                | 127               |
| 67                | 131               |
| 67                | 135               |
| 67                | 139               |
| 67                | 143               |
| 67                | 147               |
| 67                | 151               |
| 67                | 155               |
| 67                | 159               |
| 67                | 163               |
| 67                | 167               |
| 67                | 171               |
| 67                | 175               |
| 67                | 179               |
| 67                | 183               |
| 67                | 187               |
| 67                | 191               |
| 67                | 195               |
| 67                | 199               |
| 75                | 79                |
| 75                | 83                |
| 75                | 87                |
| 75                | 91                |
| 75                | 95                |
| 75                | 99                |
| 75                | 103               |
| 75                | 107               |
| 75                | 111               |
| 75                | 115               |
| 75                | 119               |
| 75                | 123               |
| 75                | 127               |
| 75                | 131               |
| 75                | 135               |
| 75                | 139               |
| 75                | 143               |
| 75                | 147               |
| 75                | 151               |
| 75                | 155               |
| 75                | 159               |
| 75                | 163               |
| 75                | 167               |
| 75                | 171               |
| 75                | 175               |
| 75                | 179               |
| 75                | 183               |
| 75                | 187               |
| 75                | 191               |
| 75                | 195               |
| 75                | 199               |
| 83                | 87                |
| 83                | 91                |
| 83                | 95                |
| 83                | 99                |
| 83                | 103               |
| 83                | 107               |
| 83                | 111               |
| 83                | 115               |
| 83                | 119               |
| 83                | 123               |
| 83                | 127               |
| 83                | 131               |
| 83                | 135               |
| 83                | 139               |
| 83                | 143               |
| 83                | 147               |
| 83                | 151               |
| 83                | 155               |
| 83                | 159               |
| 83                | 163               |
| 83                | 167               |
| 83                | 171               |
| 83                | 175               |
| 83                | 179               |
| 83                | 183               |
| 83                | 187               |
| 83                | 191               |
| 83                | 195               |
| 83                | 199               |
| 91                | 95                |
| 91                | 99                |
| 91                | 103               |
| 91                | 107               |
| 91                | 111               |
| 91                | 115               |
| 91                | 119               |
| 91                | 123               |
| 91                | 127               |
| 91                | 131               |
| 91                | 135               |
| 91                | 139               |
| 91                | 143               |
| 91                | 147               |
| 91                | 151               |
| 91                | 155               |
| 91                | 159               |
| 91                | 163               |
| 91                | 167               |
| 91                | 171               |
| 91                | 175               |
| 91                | 179               |
| 91                | 183               |
| 91                | 187               |
| 91                | 191               |
| 91                | 195               |
| 91                | 199               |
| 99                | 103               |
| 99                | 107               |
| 99                | 111               |
| 99                | 115               |
| 99                | 119               |
| 99                | 123               |
| 99                | 127               |
| 99                | 131               |
| 99                | 135               |
| 99                | 139               |
| 99                | 143               |
| 99                | 147               |
| 99                | 151               |
| 99                | 155               |
| 99                | 159               |
| 99                | 163               |
| 99                | 167               |
| 99                | 171               |
| 99                | 175               |
| 99                | 179               |
| 99                | 183               |
| 99                | 187               |
| 99                | 191               |
| 99                | 195               |
| 99                | 199               |
| 107               | 111               |
| 107               | 115               |
| 107               | 119               |
| 107               | 123               |
| 107               | 127               |
| 107               | 131               |
| 107               | 135               |
| 107               | 139               |
| 107               | 143               |
| 107               | 147               |
| 107               | 151               |
| 107               | 155               |
| 107               | 159               |
| 107               | 163               |
| 107               | 167               |
| 107               | 171               |
| 107               | 175               |
| 107               | 179               |
| 107               | 183               |
| 107               | 187               |
| 107               | 191               |
| 107               | 195               |
| 107               | 199               |
| 115               | 119               |
| 115               | 123               |
| 115               | 127               |
| 115               | 131               |
| 115               | 135               |
| 115               | 139               |
| 115               | 143               |
| 115               | 147               |
| 115               | 151               |
| 115               | 155               |
| 115               | 159               |
| 115               | 163               |
| 115               | 167               |
| 115               | 171               |
| 115               | 175               |
| 115               | 179               |
| 115               | 183               |
| 115               | 187               |
| 115               | 191               |
| 115               | 195               |
| 115               | 199               |
| 123               | 127               |
| 123               | 131               |
| 123               | 135               |
| 123               | 139               |
| 123               | 143               |
| 123               | 147               |
| 123               | 151               |
| 123               | 155               |
| 123               | 159               |
| 123               | 163               |
| 123               | 167               |
| 123               | 171               |
| 123               | 175               |
| 123               | 179               |
| 123               | 183               |
| 123               | 187               |
| 123               | 191               |
| 123               | 195               |
| 123               | 199               |
| 131               | 135               |
| 131               | 139               |
| 131               | 143               |
| 131               | 147               |
| 131               | 151               |
| 131               | 155               |
| 131               | 159               |
| 131               | 163               |
| 131               | 167               |
| 131               | 171               |
| 131               | 175               |
| 131               | 179               |
| 131               | 183               |
| 131               | 187               |
| 131               | 191               |
| 131               | 195               |
| 131               | 199               |
| 139               | 143               |
| 139               | 147               |
| 139               | 151               |
| 139               | 155               |
| 139               | 159               |
| 139               | 163               |
| 139               | 167               |
| 139               | 171               |
| 139               | 175               |
| 139               | 179               |
| 139               | 183               |
| 139               | 187               |
| 139               | 191               |
| 139               | 195               |
| 139               | 199               |
| 147               | 151               |
| 147               | 155               |
| 147               | 159               |
| 147               | 163               |
| 147               | 167               |
| 147               | 171               |
| 147               | 175               |
| 147               | 179               |
| 147               | 183               |
| 147               | 187               |
| 147               | 191               |
| 147               | 195               |
| 147               | 199               |
| 155               | 159               |
| 155               | 163               |
| 155               | 167               |
| 155               | 171               |
| 155               | 175               |
| 155               | 179               |
| 155               | 183               |
| 155               | 187               |
| 155               | 191               |
| 155               | 195               |
| 155               | 199               |
| 163               | 167               |
| 163               | 171               |
| 163               | 175               |
| 163               | 179               |
| 163               | 183               |
| 163               | 187               |
| 163               | 191               |
| 163               | 195               |
| 163               | 199               |
| 171               | 175               |
| 171               | 179               |
| 171               | 183               |
| 171               | 187               |
| 171               | 191               |
| 171               | 195               |
| 171               | 199               |
| 179               | 183               |
| 179               | 187               |
| 179               | 191               |
| 179               | 195               |
| 179               | 199               |
| 187               | 191               |
| 187               | 195               |
| 187               | 199               |
| 195               | 199               |
+-------------------+-------------------+

